4

2349334532
554237959
2368339968
19552288
00000000
00000000
00000000
00000000
00000000
00000000
00000000
00000000
00000000
00000000
00000000
00000000

0
1
2
3
4
5
6
7
8
9
10
11
12
13
14
15

0
0
0
0
0
0
0
0
1
8
2
10
0
0
0
0
0
0
0
0
0
0
0
0
0
0
0
0
0
0
0
0

0
1
2
3
4
5
6
7
8
9
10
11
12
13
14
15

10

537395212
2886205440
2886205444
2886205448
554237964
2903048196
2903048200
2903048204
2903048208
2903048212
0
0
0
0
0
0

0
0
0
0
0
0
0
0
0
0
0
0
0
0
0
0

0
0
0
0
0
0
0
0
12
24
0
0
0
0
0
0
0
0
0
0
0
0
0
0
0
0
0
0
0
0
0
0

12
12
12
0
24
24
24
24
24
0
0
0
0
0
0
0

16

2349334528
2886205500
2349334532
2886205496
2349334536
2886205492
2349334540
2886205488
2349334544
2886205484
2349334548
2886205480
2349334552
2886205476
2349334556
134217743

1
2
3
4
5
6
7
8
0
0
0
0
0
0
0
0

0
0
0
0
0
0
0
0
8
0
0
0
0
0
0
0
0
0
0
0
0
0
0
0
0
0
0
0
0
0
0
0

1
2
3
4
5
6
7
8
0
7
6
5
4
3
2
1

10

537395210
537460747
285802498
17387552
17389600
290193407
0
0
0
0
0
0
0
0
0
0

1
2
3
4
5
6
7
8
8
7
6
5
4
3
2
1

0
0
0
0
0
0
0
0
10
11
21
21
0
0
0
0
0
0
0
0
0
0
0
0
0
0
0
0
0
0
0
0

1
2
3
4
5
6
7
8
8
7
6
5
4
3
2
1

7

2349334532
2349400120
285802497
17387552
17389600
2909470724
285868031
0
0
0
0
0
0
0
0
0

1
2
3
4
5
6
7
8
8
7
6
5
4
3
2
1

0
0
0
0
0
0
0
0
2
2
0
4
0
0
0
0
0
0
0
0
0
0
0
0
0
0
0
0
0
0
0
0

1
2
4
4
5
6
7
8
8
7
6
5
4
3
2
1

6

537395216
16777224
17319968
17322016
17324064
16777224
0
0
0
0
0
0
0
0
0
0

1
2
4
4
5
6
7
8
8
7
6
5
4
3
2
1

0
0
0
0
0
0
0
0
16
0
0
32
0
0
0
0
0
0
0
0
0
0
0
0
0
0
0
0
0
0
0
0

1
2
4
4
5
6
7
8
8
7
6
5
4
3
2
1

6

537395201
537460760
285868033
537526274
18874376
537591811
293666815
0
0
0
0
0
0
0
0
0

1
2
4
4
5
6
7
8
8
7
6
5
4
3
2
1

0
0
0
0
0
0
0
0
1
24
2
0
0
0
0
0
0
0
0
0
0
0
0
0
0
0
0
0
0
0
0
0

1
2
4
4
5
6
7
8
8
7
6
5
4
3
2
1

3

201326594
201326595
201326596
201326597
201326598
201326592
201326592
0
0
0
0
0
0
0
0
0

1
2
4
4
5
6
7
8
8
7
6
5
4
3
2
1

0
0
0
0
0
0
0
0
0
0
0
0
0
0
0
0
0
0
0
0
0
0
0
0
0
0
0
0
0
0
0
20

1
2
4
4
5
6
7
8
8
7
6
5
4
3
2
1

4

537395210
134217730
537395210
134217734
554237962
554303498
134217734
0
0
0
0
0
0
0
0
0

1
2
4
4
5
6
7
8
8
7
6
5
4
3
2
1

0
0
0
0
0
0
0
0
10
0
0
0
0
0
0
0
0
0
0
0
0
0
0
0
0
0
0
0
0
0
0
0

1
2
4
4
5
6
7
8
8
7
6
5
4
3
2
1

17

537395204
537460752
2366111744
554172420
2902982656
285802497
201326594
134217735
0
0
0
0
0
0
0
0

0
8
30
60
60
60
60
60
60
60
60
60
60
60
60
60

0
0
0
0
0
0
0
0
16
16
0
0
0
0
0
0
0
0
0
0
0
0
0
0
0
0
0
0
0
0
0
28

0
8
30
12
16
60
60
60
60
60
60
60
60
60
60
60